312402720
135814938 122528351
133267072 122528351
133267073 122528351
135816240 135824900
135816241 135824900
135816255 135824900
135814928 135824900
497311324 135824900
497301854 135824900
497311023 135824900
311888929 122528351
480476977 480476970
480476976 480476970
480476966 480476970
428216308 122528351
480482934 122528351
480482933 122528351
480493300 480476970
428215652 480476970
480493295 122528351
480493294 122528351
480493292 122528351
480493291 122528351
497922743 408439365
497922736 408439365
497922892 408439365
497922814 408439365
497922726 408439365
497922817 408439365
497922636 135824900
497922633 135824900
497922640 135824900
497922642 135824900
410769897 408439365
410769896 408439365
429544558 408439365
429544557 408439365
133267092 135824900
133267093 135824900
133267095 135824900
311887236 122528351
1249809185 122528351
1249809158 122528351
1249809167 122528351
314048124 480476970
314047586 122528351
135814938 122528351
133267072 122528351
133267073 122528351
135816240 135824900
135816241 135824900
135816255 135824900
135814928 135824900
497311324 135824900
497301854 135824900
497311023 135824900
311888929 122528351
480476977 480476970
480476976 480476970
480476966 480476970
428216308 122528351
480482934 122528351
480482933 122528351
480493300 480476970
428215652 480476970
480493295 122528351
480493294 122528351
480493292 122528351
480493291 122528351
497922743 408439365
497922736 408439365
497922892 408439365
497922814 408439365
497922726 408439365
497922817 408439365
497922636 135824900
497922633 135824900
497922640 135824900
497922642 135824900
410769897 408439365
410769896 408439365
429544558 408439365
429544557 408439365
133267092 135824900
133267093 135824900
133267095 135824900
311887236 122528351
1249809185 122528351
1249809158 122528351
1249809167 122528351
314048124 480476970
314047586 122528351
314047586 122528351
314047586 122528351
135814938 122528351
133267072 122528351
133267073 122528351
135816240 135824900
135816241 135824900
135816255 135824900
135814928 135824900
497311324 135824900
497301854 135824900
497311023 135824900
311888929 122528351
480476977 480476970
480476976 480476970
480476966 480476970
428216308 122528351
480482934 122528351
480482933 122528351
480493300 480476970
428215652 480476970
480493295 122528351
480493294 122528351
480493292 122528351
480493291 122528351
497922743 408439365
497922736 408439365
497922892 408439365
497922814 408439365
497922726 408439365
497922817 408439365
497922636 135824900
497922633 135824900
497922640 135824900
497922642 135824900
410769897 408439365
410769896 408439365
429544558 408439365
429544557 408439365
133267092 135824900
133267093 135824900
133267095 135824900
311887236 122528351
1249809185 122528351
1249809158 122528351
1249809167 122528351
314048124 480476970
314047586 122528351
135814938 122528351
133267072 122528351
133267073 122528351
135816240 135824900
135816241 135824900
135816255 135824900
135814928 135824900
497311324 135824900
497301854 135824900
497311023 135824900
311888929 122528351
480476977 480476970
480476976 480476970
480476966 480476970
428216308 122528351
480482934 122528351
480482933 122528351
480493300 480476970
428215652 480476970
480493295 122528351
480493294 122528351
480493292 122528351
480493291 122528351
497922743 408439365
497922736 408439365
497922892 408439365
497922814 408439365
497922726 408439365
497922817 408439365
497922636 135824900
497922633 135824900
497922640 135824900
497922642 135824900
410769897 408439365
410769896 408439365
429544558 408439365
429544557 408439365
133267092 135824900
133267093 135824900
133267095 135824900
311887236 122528351
1249809185 122528351
1249809158 122528351
1249809167 122528351
314048124 480476970
314047586 122528351
314047586 122528351
314047586 122528351
135814938 122528351
133267072 122528351
133267073 122528351
135816240 135824900
135816241 135824900
135816255 135824900
135814928 135824900
497311324 135824900
497301854 135824900
497311023 135824900
311888929 122528351
480476977 480476970
480476976 480476970
480476966 480476970
428216308 122528351
480482934 122528351
480482933 122528351
480493300 480476970
428215652 480476970
480493295 122528351
480493294 122528351
480493292 122528351
480493291 122528351
497922743 408439365
497922736 408439365
497922892 408439365
497922814 408439365
497922726 408439365
497922817 408439365
497922636 135824900
497922633 135824900
497922640 135824900
497922642 135824900
410769897 408439365
410769896 408439365
429544558 408439365
429544557 408439365
133267092 135824900
133267093 135824900
133267095 135824900
311887236 122528351
1249809185 122528351
1249809158 122528351
1249809167 122528351
314048124 480476970
314047586 122528351
135814938 122528351
133267072 122528351
133267073 122528351
135816240 135824900
135816241 135824900
135816255 135824900
135814928 135824900
497311324 135824900
497301854 135824900
135814938 122528351
133267072 122528351
133267073 122528351
135816240 135824900
135816241 135824900
135816255 135824900
135814928 135824900
497311324 135824900
497301854 135824900
497311023 135824900
311888929 122528351
480476977 480476970
480476976 480476970
480476966 480476970
428216308 122528351
480482934 122528351
480482933 122528351
480493300 480476970
428215652 480476970
480493295 122528351
480493294 122528351
480493292 122528351
480493291 122528351
497922743 408439365
497922736 408439365
497922892 408439365
497922814 408439365
497922726 408439365
497922817 408439365
497922636 135824900
497922633 135824900
497922640 135824900
497922642 135824900
410769897 408439365
410769896 408439365
429544558 408439365
429544557 408439365
133267092 135824900
133267093 135824900
133267095 135824900
311887236 122528351
1249809185 122528351
1249809158 122528351
1249809167 122528351
314048124 480476970
314047586 122528351
135814938 122528351
133267072 122528351
133267073 122528351
135816240 135824900
135816241 135824900
135816255 135824900
135814928 135824900
497311324 135824900
497301854 135824900
497311023 135824900
311888929 122528351
480476977 480476970
480476976 480476970
480476966 480476970
428216308 122528351
480482934 122528351
480482933 122528351
480493300 480476970
428215652 480476970
480493295 122528351
480493294 122528351
480493292 122528351
480493291 122528351
497922743 408439365
497922736 408439365
497922892 408439365
497922814 408439365
497922726 408439365
497922817 408439365
497922636 135824900
497922633 135824900
497922640 135824900
497922642 135824900
410769897 408439365
410769896 408439365
429544558 408439365
429544557 408439365
133267092 135824900
133267093 135824900
133267095 135824900
311887236 122528351
1249809185 122528351
1249809158 122528351
1249809167 122528351
314048124 480476970
314047586 122528351
314047586 122528351
314047586 122528351
135814938 122528351
133267072 122528351
133267073 122528351
135816240 135824900
135816241 135824900
135816255 135824900
135814928 135824900
497311324 135824900
497301854 135824900
497311023 135824900
311888929 122528351
480476977 480476970
480476976 480476970
480476966 480476970
428216308 122528351
480482934 122528351
480482933 122528351
480493300 480476970
428215652 480476970
480493295 122528351
480493294 122528351
480493292 122528351
480493291 122528351
497922743 408439365
497922736 408439365
497922892 408439365
497922814 408439365
497922726 408439365
497922817 408439365
497922636 135824900
497922633 135824900
497922640 135824900
497922642 135824900
410769897 408439365
410769896 408439365
429544558 408439365
429544557 408439365
133267092 135824900
133267093 135824900
133267095 135824900
311887236 122528351
1249809185 122528351
1249809158 122528351
1249809167 122528351
314048124 480476970
314047586 122528351
135814938 122528351
133267072 122528351
133267073 122528351
135816240 135824900
135816241 135824900
135816255 135824900
135814928 135824900
497311324 135824900
497301854 135824900
497311023 135824900
311888929 122528351
480476977 480476970
480476976 480476970
480476966 480476970
428216308 122528351
480482934 122528351
480482933 122528351
480493300 480476970
428215652 480476970
480493295 122528351
480493294 122528351
480493292 122528351
480493291 122528351
497922743 408439365
497922736 408439365
497922892 408439365
497922814 408439365
497922726 408439365
497922817 408439365
497922636 135824900
497922633 135824900
497922640 135824900
497922642 135824900
410769897 408439365
410769896 408439365
429544558 408439365
429544557 408439365
133267092 135824900
133267093 135824900
133267095 135824900
311887236 122528351
1249809185 122528351
1249809158 122528351
1249809167 122528351
314048124 480476970
314047586 122528351
314047586 122528351
314047586 122528351
135814938 122528351
133267072 122528351
133267073 122528351
135816240 135824900
135816241 135824900
135816255 135824900
135814928 135824900
497311324 135824900
497301854 135824900
497311023 135824900
311888929 122528351
480476977 480476970
480476976 480476970
480476966 480476970
428216308 122528351
480482934 122528351
480482933 122528351
480493300 480476970
428215652 480476970
480493295 122528351
480493294 122528351
480493292 122528351
480493291 122528351
497922743 408439365
497922736 408439365
497922892 408439365
497922814 408439365
497922726 408439365
497922817 408439365
497922636 135824900
497922633 135824900
497922640 135824900
497922642 135824900
410769897 408439365
410769896 408439365
429544558 408439365
429544557 408439365
133267092 135824900
133267093 135824900
133267095 135824900
311887236 122528351
1249809185 122528351
1249809158 122528351
1249809167 122528351
314048124 480476970
314047586 122528351
135814938 122528351
133267072 122528351
133267073 122528351
135816240 135824900
135816241 135824900
135816255 135824900
135814928 135824900
497311324 135824900
497301854 135824900
135816241 135824900
135816255 135824900
135814928 135824900
497311324 135824900
497301854 135824900
135816241 135824900
135816255 135824900
135814928 135824900
135814938 122528351
133267072 122528351
133267073 122528351
135816240 135824900
135816241 135824900
135816255 135824900
135814928 135824900
497311324 135824900
497301854 135824900
497311023 135824900
311888929 122528351
480476977 480476970
480476976 480476970
480476966 480476970
428216308 122528351
480482934 122528351
480482933 122528351
480493300 480476970
428215652 480476970
480493295 122528351
480493294 122528351
480493292 122528351
480493291 122528351
497922743 408439365
497922736 408439365
497922892 408439365
497922814 408439365
497922726 408439365
497922817 408439365
497922636 135824900
497922633 135824900
497922640 135824900
497922642 135824900
410769897 408439365
410769896 408439365
429544558 408439365
429544557 408439365
133267092 135824900
133267093 135824900
133267095 135824900
311887236 122528351
1249809185 122528351
1249809158 122528351
1249809167 122528351
314048124 480476970
314047586 122528351
135814938 122528351
133267072 122528351
133267073 122528351
135816240 135824900
135816241 135824900
135816255 135824900
135814928 135824900
497311324 135824900
497301854 135824900
497311023 135824900
311888929 122528351
480476977 480476970
480476976 480476970
480476966 480476970
428216308 122528351
480482934 122528351
480482933 122528351
480493300 480476970
428215652 480476970
480493295 122528351
480493294 122528351
480493292 122528351
480493291 122528351
497922743 408439365
497922736 408439365
497922892 408439365
497922814 408439365
497922726 408439365
497922817 408439365
497922636 135824900
497922633 135824900
497922640 135824900
497922642 135824900
410769897 408439365
410769896 408439365
429544558 408439365
429544557 408439365
133267092 135824900
133267093 135824900
133267095 135824900
311887236 122528351
1249809185 122528351
1249809158 122528351
1249809167 122528351
314048124 480476970
314047586 122528351
314047586 122528351
314047586 122528351
135814938 122528351
133267072 122528351
133267073 122528351
135816240 135824900
135816241 135824900
135816255 135824900
135814928 135824900
497311324 135824900
497301854 135824900
497311023 135824900
311888929 122528351
480476977 480476970
480476976 480476970
480476966 480476970
428216308 122528351
480482934 122528351
480482933 122528351
480493300 480476970
428215652 480476970
480493295 122528351
480493294 122528351
480493292 122528351
480493291 122528351
497922743 408439365
497922736 408439365
497922892 408439365
497922814 408439365
497922726 408439365
497922817 408439365
497922636 135824900
497922633 135824900
497922640 135824900
497922642 135824900
410769897 408439365
410769896 408439365
429544558 408439365
429544557 408439365
133267092 135824900
133267093 135824900
133267095 135824900
311887236 122528351
1249809185 122528351
1249809158 122528351
1249809167 122528351
314048124 480476970
314047586 122528351
135814938 122528351
133267072 122528351
133267073 122528351
135816240 135824900
135816241 135824900
135816255 135824900
135814928 135824900
497311324 135824900
497301854 135824900
497311023 135824900
311888929 122528351
480476977 480476970
480476976 480476970
480476966 480476970
428216308 122528351
480482934 122528351
480482933 122528351
480493300 480476970
428215652 480476970
480493295 122528351
480493294 122528351
480493292 122528351
480493291 122528351
497922743 408439365
497922736 408439365
497922892 408439365
497922814 408439365
497922726 408439365
497922817 408439365
497922636 135824900
497922633 135824900
497922640 135824900
497922642 135824900
410769897 408439365
410769896 408439365
429544558 408439365
429544557 408439365
133267092 135824900
133267093 135824900
133267095 135824900
311887236 122528351
1249809185 122528351
1249809158 122528351
1249809167 122528351
314048124 480476970
314047586 122528351
314047586 122528351
314047586 122528351
135814938 122528351
133267072 122528351
133267073 122528351
135816240 135824900
135816241 135824900
135816255 135824900
135814928 135824900
497311324 135824900
497301854 135824900
497311023 135824900
311888929 122528351
480476977 480476970
480476976 480476970
480476966 480476970
428216308 122528351
480482934 122528351
480482933 122528351
480493300 480476970
428215652 480476970
480493295 122528351
480493294 122528351
480493292 122528351
480493291 122528351
497922743 408439365
497922736 408439365
497922892 408439365
497922814 408439365
497922726 408439365
497922817 408439365
497922636 135824900
497922633 135824900
497922640 135824900
497922642 135824900
410769897 408439365
410769896 408439365
429544558 408439365
429544557 408439365
133267092 135824900
133267093 135824900
133267095 135824900
311887236 122528351
1249809185 122528351
1249809158 122528351
1249809167 122528351
314048124 480476970
314047586 122528351
135814938 122528351
133267072 122528351
133267073 122528351
135816240 135824900
135816241 135824900
135816255 135824900
135814928 135824900
497311324 135824900
497301854 135824900
135814938 122528351
133267072 122528351
133267073 122528351
135816240 135824900
135816241 135824900
135816255 135824900
135814928 135824900
497311324 135824900
497301854 135824900
497311023 135824900
311888929 122528351
480476977 480476970
480476976 480476970
480476966 480476970
428216308 122528351
480482934 122528351
480482933 122528351
480493300 480476970
428215652 480476970
480493295 122528351
480493294 122528351
480493292 122528351
480493291 122528351
497922743 408439365
497922736 408439365
497922892 408439365
497922814 408439365
497922726 408439365
497922817 408439365
497922636 135824900
497922633 135824900
497922640 135824900
497922642 135824900
410769897 408439365
410769896 408439365
429544558 408439365
429544557 408439365
133267092 135824900
133267093 135824900
133267095 135824900
311887236 122528351
1249809185 122528351
1249809158 122528351
1249809167 122528351
314048124 480476970
314047586 122528351
135814938 122528351
133267072 122528351
133267073 122528351
135816240 135824900
135816241 135824900
135816255 135824900
135814928 135824900
497311324 135824900
497301854 135824900
497311023 135824900
311888929 122528351
480476977 480476970
480476976 480476970
480476966 480476970
428216308 122528351
480482934 122528351
480482933 122528351
480493300 480476970
428215652 480476970
480493295 122528351
480493294 122528351
480493292 122528351
480493291 122528351
497922743 408439365
497922736 408439365
497922892 408439365
497922814 408439365
497922726 408439365
497922817 408439365
497922636 135824900
497922633 135824900
497922640 135824900
497922642 135824900
410769897 408439365
410769896 408439365
429544558 408439365
429544557 408439365
133267092 135824900
133267093 135824900
133267095 135824900
311887236 122528351
1249809185 122528351
1249809158 122528351
1249809167 122528351
314048124 480476970
314047586 122528351
314047586 122528351
314047586 122528351
135814938 122528351
133267072 122528351
133267073 122528351
135816240 135824900
135816241 135824900
135816255 135824900
135814928 135824900
497311324 135824900
497301854 135824900
497311023 135824900
311888929 122528351
480476977 480476970
480476976 480476970
480476966 480476970
428216308 122528351
480482934 122528351
480482933 122528351
480493300 480476970
428215652 480476970
480493295 122528351
480493294 122528351
480493292 122528351
480493291 122528351
497922743 408439365
497922736 408439365
497922892 408439365
497922814 408439365
497922726 408439365
497922817 408439365
497922636 135824900
497922633 135824900
497922640 135824900
497922642 135824900
410769897 408439365
410769896 408439365
429544558 408439365
429544557 408439365
133267092 135824900
133267093 135824900
133267095 135824900
311887236 122528351
1249809185 122528351
1249809158 122528351
1249809167 122528351
314048124 480476970
314047586 122528351
135814938 122528351
133267072 122528351
133267073 122528351
135816240 135824900
135816241 135824900
135816255 135824900
135814928 135824900
497311324 135824900
497301854 135824900
497311023 135824900
311888929 122528351
480476977 480476970
480476976 480476970
480476966 480476970
428216308 122528351
480482934 122528351
480482933 122528351
480493300 480476970
428215652 480476970
480493295 122528351
480493294 122528351
480493292 122528351
480493291 122528351
497922743 408439365
497922736 408439365
497922892 408439365
497922814 408439365
497922726 408439365
497922817 408439365
497922636 135824900
497922633 135824900
497922640 135824900
497922642 135824900
410769897 408439365
410769896 408439365
429544558 408439365
429544557 408439365
133267092 135824900
133267093 135824900
133267095 135824900
311887236 122528351
1249809185 122528351
1249809158 122528351
1249809167 122528351
314048124 480476970
314047586 122528351
314047586 122528351
314047586 122528351
135814938 122528351
133267072 122528351
133267073 122528351
135816240 135824900
135816241 135824900
135816255 135824900
135814928 135824900
497311324 135824900
497301854 135824900
497311023 135824900
311888929 122528351
480476977 480476970
480476976 480476970
480476966 480476970
428216308 122528351
480482934 122528351
480482933 122528351
480493300 480476970
428215652 480476970
480493295 122528351
480493294 122528351
480493292 122528351
480493291 122528351
497922743 408439365
497922736 408439365
497922892 408439365
497922814 408439365
497922726 408439365
497922817 408439365
497922636 135824900
497922633 135824900
497922640 135824900
497922642 135824900
410769897 408439365
410769896 408439365
429544558 408439365
429544557 408439365
133267092 135824900
133267093 135824900
133267095 135824900
311887236 122528351
1249809185 122528351
1249809158 122528351
1249809167 122528351
314048124 480476970
314047586 122528351
135814938 122528351
133267072 122528351
133267073 122528351
135816240 135824900
135816241 135824900
135816255 135824900
135814928 135824900
497311324 135824900
497301854 135824900
135816241 135824900
135816255 135824900
135814928 135824900
497311324 135824900
497301854 135824900
135816241 135824900
135816255 135824900
135814928 135824900
497301854 135824900
135816241 135824900
135816255 135824900
135814928 135824900
497311324 135824900
497301854 135824900
